447.652496337891, 620, -634.44677734375
447.652496337891, 620, -634.44677734375
447.509033203125, 620.117004394531, -634.531860351563
446.046630859375, 620.2734375, -635.40673828125
443.828857421875, 620.34326171875, -636.82568359375
441.968017578125, 620.468078613281, -638.238037109375
440.094482421875, 620.606262207031, -639.928955078125
438.312255859375, 620.834350585938, -641.699829101563
436.528076171875, 621.250305175781, -643.479736328125
434.7421875, 621.659606933594, -645.262451171875
432.968505859375, 621.951538085938, -647.033813476563
431.191650390625, 622.22314453125, -648.809814453125
429.41796875, 622.579467773438, -650.583251953125
427.7626953125, 622.886352539063, -652.23779296875
425.8662109375, 623.405090332031, -654.13427734375
424.20361328125, 623.714782714844, -655.79638671875
422.3154296875, 623.948974609375, -657.6845703125
420.656494140625, 624.184326171875, -659.343505859375
418.76318359375, 624.793640136719, -661.236572265625
417.052734375, 625.234680175781, -662.947021484375
415.3212890625, 625.696166992188, -664.678588867188
413.597412109375, 625.989624023438, -666.40283203125
411.770751953125, 626.231689453125, -668.22900390625
410.057861328125, 626.250854492188, -669.942260742188
408.253173828125, 626.305541992188, -671.746948242188
406.475830078125, 626.332641601563, -673.5244140625
404.701416015625, 626.318054199219, -675.298828125
402.928955078125, 626.766235351563, -677.071044921875
401.13525390625, 627.459655761719, -678.86474609375
399.473388671875, 627.980407714844, -680.526611328125
397.634521484375, 628.804809570313, -682.36572265625
395.89892578125, 629.475463867188, -684.101318359375
394.0498046875, 630.30859375, -685.950317382813
392.34814453125, 631.048278808594, -687.65185546875
390.522705078125, 631.644714355469, -689.47705078125
388.84326171875, 632.159606933594, -691.156616210938
387.04541015625, 632.51416015625, -692.954467773438
385.255859375, 632.936950683594, -694.744140625
383.50830078125, 633.487670898438, -696.491943359375
381.7236328125, 634.351135253906, -698.2763671875
379.9169921875, 634.879089355469, -700.0830078125
378.244873046875, 635.612976074219, -701.75537109375
376.330322265625, 636.161193847656, -703.66943359375
374.65771484375, 636.4951171875, -705.34228515625
372.874755859375, 636.796020507813, -707.12548828125
371.07958984375, 637.100463867188, -708.920776367188
369.285400390625, 637.152526855469, -710.714965820313
367.6171875, 637.072021484375, -712.383056640625
365.811767578125, 636.830932617188, -714.1884765625
365.0927734375, 636.631286621094, -714.907836914063
362.237060546875, 635.842651367188, -717.76318359375
360.481201171875, 635.476379394531, -719.519165039063
358.6533203125, 635.816833496094, -721.34716796875
357.039794921875, 636.48193359375, -722.960693359375
355.139892578125, 637.073364257813, -724.9228515625
353.703857421875, 637.616638183594, -726.725341796875
352.709716796875, 638.171630859375, -729.2138671875
352.5283203125, 638.374145507813, -731.474609375
352.51171875, 638.19189453125, -734.082885742188
352.50390625, 638.050231933594, -736.549560546875
352.500732421875, 637.717590332031, -739.152221679688
352.500732421875, 637.024658203125, -741.509521484375
352.500732421875, 636.191833496094, -744.07275390625
352.500732421875, 635.858093261719, -746.5888671875
352.500732421875, 635.069580078125, -749.1533203125
352.500732421875, 634.125671386719, -751.483276367188
352.500732421875, 633.165893554688, -754.0751953125
352.500244140625, 632.161376953125, -756.4306640625
352.447021484375, 630.851928710938, -759.154541015625
352.11376953125, 629.92724609375, -761.489013671875
351.010986328125, 628.981994628906, -763.779541015625
349.449951171875, 628.442504882813, -765.5693359375
347.621337890625, 628.02490234375, -767.375610351563
345.824462890625, 627.78759765625, -769.1689453125
344.05078125, 627.383666992188, -770.9462890625
342.360595703125, 626.991577148438, -772.638793945313
340.542236328125, 626.666076660156, -774.457153320313
338.866455078125, 626.314331054688, -776.13330078125
337.017578125, 626.208435058594, -777.982177734375
335.3515625, 626.202880859375, -779.693237304688
333.7421875, 625.96533203125, -781.724365234375
332.847900390625, 625.572937011719, -783.897705078125
332.64306640625, 625.210388183594, -786.45703125
332.55224609375, 624.905212402344, -789.03515625
332.51953125, 624.318542480469, -791.553466796875
332.45703125, 623.7314453125, -793.949584960938
332.088623046875, 623.569580078125, -796.4326171875
331.04150390625, 623.681091308594, -798.63818359375
329.310546875, 623.664367675781, -800.525390625
327.64306640625, 623.525085449219, -802.253662109375
325.761474609375, 623.444274902344, -804.173095703125
324.06884765625, 623.2568359375, -805.892578125
322.30078125, 623.047058105469, -807.6708984375
320.60400390625, 622.960510253906, -809.376220703125
318.73974609375, 622.536987304688, -811.2509765625
317.0419921875, 622.1767578125, -812.954711914063
315.267822265625, 622.124816894531, -814.730834960938
313.58251953125, 621.614196777344, -816.41650390625
311.742431640625, 621.29833984375, -818.257080078125
310.04296875, 620.896240234375, -819.956787109375
308.163818359375, 620.475036621094, -821.836181640625
306.431884765625, 619.93017578125, -823.568359375
304.695068359375, 619.365234375, -825.30517578125
302.86669921875, 619.26416015625, -827.1337890625
301.072265625, 619.46484375, -828.927978515625
299.422607421875, 619.814270019531, -830.577514648438
297.50732421875, 620.291870117188, -832.49267578125
295.836669921875, 620.855834960938, -834.1630859375
293.95361328125, 621.278442382813, -836.046264648438
292.25341796875, 621.727111816406, -837.746459960938
290.41845703125, 622.314270019531, -839.58154296875
288.776611328125, 622.658447265625, -841.22314453125
287.0068359375, 623.06689453125, -842.993286132813
285.183837890625, 623.415710449219, -844.816162109375
283.47802734375, 623.955993652344, -846.52197265625
281.672607421875, 624.38671875, -848.3271484375
279.85888671875, 624.459716796875, -850.141357421875
278.115478515625, 624.674926757813, -851.884033203125
276.32080078125, 624.656555175781, -853.685546875
274.644775390625, 625.070556640625, -855.481201171875
273.572265625, 625.0029296875, -857.585571289063
273.16455078125, 624.86572265625, -859.9697265625
272.8427734375, 624.61962890625, -862.4951171875
272.697509765625, 624.562316894531, -865.05322265625
272.5966796875, 624.758117675781, -867.522583007813
272.556396484375, 625.010498046875, -870.075927734375
272.52734375, 625.375122070313, -872.4951171875
272.515625, 625.659240722656, -874.98486328125
272.507080078125, 626.024475097656, -877.57275390625
272.503662109375, 626.493103027344, -879.989990234375
272.501953125, 626.881164550781, -882.53125
272.501953125, 627.321655273438, -884.94287109375
272.50146484375, 627.971130371094, -887.49609375
272.50146484375, 628.639709472656, -890.07861328125
272.50146484375, 629.348693847656, -892.505126953125
272.50146484375, 630.121215820313, -895.04736328125
272.50146484375, 631.243347167969, -897.64013671875
272.50146484375, 631.95068359375, -900.06103515625
272.50146484375, 632.949401855469, -902.608154296875
272.50146484375, 633.843688964844, -905.04443359375
272.50146484375, 634.563110351563, -907.5869140625
272.50146484375, 635.247009277344, -910.00048828125
272.50146484375, 635.739013671875, -912.587646484375
272.50146484375, 636.079528808594, -914.966796875
272.501220703125, 636.592529296875, -917.563720703125
272.501220703125, 637.291442871094, -920.05419921875
272.5009765625, 638.120422363281, -922.6455078125
272.5009765625, 638.987548828125, -925.06982421875
272.5009765625, 639.556945800781, -927.623779296875
272.5009765625, 639.972473144531, -930.05126953125
272.5009765625, 640.252197265625, -932.6455078125
272.5009765625, 640.157104492188, -935.022216796875
272.5009765625, 639.662658691406, -937.6201171875
272.5009765625, 639.349548339844, -940.014404296875
272.5009765625, 638.757751464844, -942.60791015625
272.5009765625, 637.955078125, -945.027587890625
272.50537109375, 637.498596191406, -947.567260742188
272.633056640625, 637.068115234375, -949.9697265625
273.291015625, 636.702270507813, -952.461547851563
274.696533203125, 636.857666015625, -954.387329101563
276.4765625, 637.592651367188, -956.264892578125
278.136474609375, 638.146850585938, -958.008178710938
279.9423828125, 638.678466796875, -959.857421875
281.69091796875, 639.33642578125, -961.636474609375
283.510498046875, 639.599853515625, -963.470458984375
285.1611328125, 639.647216796875, -965.2333984375
286.611083984375, 639.993408203125, -967.303955078125
287.334228515625, 640.815307617188, -969.575317382813
288.0048828125, 641.264099121094, -972.052612304688
289.284423828125, 641.479919433594, -974.027099609375
291.0634765625, 641.748168945313, -975.885131835938
292.70947265625, 642.069152832031, -977.60595703125
294.5224609375, 642.098754882813, -979.451721191406
296.218505859375, 642.468078613281, -981.174377441406
298.12646484375, 643.022827148438, -983.093444824219
299.833251953125, 643.396423339844, -984.811706542969
301.660888671875, 644.222229003906, -986.652221679688
303.337890625, 645.049987792969, -988.3349609375
305.166015625, 646.140502929688, -990.163452148438
306.89599609375, 646.629272460938, -991.894470214844
308.608642578125, 647.276550292969, -993.613891601563
310.366943359375, 647.738952636719, -995.50390625
311.73046875, 648.052917480469, -997.556884765625
312.359375, 648.075317382813, -999.862121582031
312.46044921875, 648.397583007813, -1002.40258789063
312.48828125, 649.203002929688, -1004.82299804688
312.49658203125, 649.679931640625, -1007.39947509766
312.49951171875, 649.772583007813, -1009.94653320313
312.49951171875, 649.759338378906, -1012.38146972656
312.49951171875, 649.608276367188, -1014.94653320313
312.49951171875, 648.931640625, -1017.50891113281
312.49951171875, 648.230651855469, -1019.95709228516
312.49951171875, 647.369018554688, -1022.51055908203
312.49951171875, 646.765075683594, -1024.92297363281
312.49951171875, 646.372680664063, -1027.47509765625
312.49951171875, 645.997436523438, -1029.89611816406
312.49951171875, 645.600402832031, -1032.48107910156
312.49951171875, 645.745544433594, -1034.85583496094
312.49951171875, 646.698425292969, -1037.45593261719
312.49951171875, 647.643859863281, -1039.84240722656
312.49951171875, 648.567138671875, -1042.3955078125
312.49951171875, 648.867980957031, -1044.83422851563
312.5068359375, 648.851440429688, -1047.38586425781
312.61767578125, 648.722534179688, -1049.83190917969
313.22900390625, 648.417846679688, -1052.29089355469
314.47265625, 647.858520507813, -1054.34448242188
316.22216796875, 647.731140136719, -1056.24060058594
318.0302734375, 647.910949707031, -1058.03076171875
319.77490234375, 648.142944335938, -1059.77282714844
321.459716796875, 648.290710449219, -1061.45971679688
323.288330078125, 648.451293945313, -1063.28796386719
324.980224609375, 649.082092285156, -1065.02270507813
326.2705078125, 649.887817382813, -1067.13952636719
326.736083984375, 650.66259765625, -1069.65490722656
327.111328125, 651.562866210938, -1072.19775390625
327.2587890625, 652.291625976563, -1074.56262207031
327.3828125, 653.154602050781, -1077.13989257813
327.427734375, 653.970520019531, -1079.50927734375
327.46533203125, 654.791259765625, -1082.09802246094
327.479248046875, 655.455749511719, -1084.61791992188
327.485595703125, 656.132629394531, -1087.1865234375
327.398193359375, 656.825439453125, -1089.59899902344
326.758544921875, 657.288513183594, -1092.04638671875
325.27880859375, 657.474975585938, -1093.86987304688
323.85302734375, 657.770568847656, -1096.01049804688
323.406005859375, 658.29931640625, -1098.30737304688
322.9775390625, 659.033935546875, -1100.86315917969
322.6484375, 659.530395507813, -1103.25756835938
322.509521484375, 660.081359863281, -1105.79418945313
322.50341796875, 660.883666992188, -1108.21362304688
322.5068359375, 661.415283203125, -1110.77197265625
322.50390625, 662.151000976563, -1113.19506835938
322.501953125, 662.74560546875, -1115.771484375
322.501953125, 663.545043945313, -1118.31494140625
322.50146484375, 664.078979492188, -1120.72888183594
322.50146484375, 664.651977539063, -1123.31713867188
322.50146484375, 665.294189453125, -1125.85607910156
322.50146484375, 665.938720703125, -1128.20886230469
322.50146484375, 666.452087402344, -1130.75537109375
322.50146484375, 666.967407226563, -1133.17004394531
322.50146484375, 667.542175292969, -1135.74987792969
322.50146484375, 668.063842773438, -1138.28295898438
322.50048828125, 668.705078125, -1140.85571289063
322.482177734375, 669.352172851563, -1143.2333984375
322.24560546875, 669.967590332031, -1145.80920410156
321.199951171875, 670.609191894531, -1147.90368652344
319.533447265625, 670.968994140625, -1149.81091308594
317.9287109375, 671.152221679688, -1151.64233398438
316.16259765625, 671.436950683594, -1153.5234375
314.6044921875, 671.625915527344, -1155.32104492188
313.250732421875, 671.987854003906, -1157.50219726563
312.687744140625, 672.875, -1159.79016113281
312.573974609375, 673.42431640625, -1162.36804199219
312.43115234375, 674.17578125, -1164.77380371094
311.769287109375, 675.014404296875, -1167.38513183594
310.54736328125, 675.256591796875, -1169.2529296875
308.724365234375, 675.257751464844, -1171.14685058594
307.037841796875, 675.318969726563, -1172.89123535156
305.23486328125, 675.380981445313, -1174.74865722656
303.907470703125, 675.496276855469, -1176.654296875
303.29296875, 675.766662597656, -1179.130859375
302.061279296875, 675.608703613281, -1181.26245117188
299.8779296875, 675.01904296875, -1181.97534179688
297.508056640625, 674.236877441406, -1182.18347167969
294.97216796875, 673.521179199219, -1182.33154296875
292.56005859375, 672.900756835938, -1182.43151855469
289.970458984375, 672.257263183594, -1182.4638671875
287.583984375, 671.663208007813, -1182.48303222656
284.93896484375, 670.919250488281, -1182.4912109375
282.5615234375, 670.325927734375, -1182.49609375
279.96435546875, 669.679748535156, -1182.498046875
277.5341796875, 669.057495117188, -1182.50622558594
274.99072265625, 668.409912109375, -1182.60900878906
272.6650390625, 667.943481445313, -1183.19006347656
270.630126953125, 668.220092773438, -1184.86608886719
268.879150390625, 668.444580078125, -1186.45935058594
267.000244140625, 668.692687988281, -1188.23657226563
265.274658203125, 669.058654785156, -1189.88415527344
263.39453125, 669.481567382813, -1191.67492675781
261.657470703125, 669.585754394531, -1193.36010742188
259.84912109375, 670.02978515625, -1195.15795898438
258.138671875, 670.524291992188, -1196.86645507813
256.329345703125, 671.093322753906, -1198.67395019531
254.6103515625, 671.497436523438, -1200.39111328125
252.774169921875, 671.771606445313, -1202.22631835938
251.086181640625, 672.142883300781, -1203.90856933594
249.13427734375, 672.549743652344, -1205.66882324219
247.129150390625, 672.900268554688, -1206.78759765625
244.658203125, 673.26953125, -1207.48071289063
242.345458984375, 674.132141113281, -1208.287109375
240.251953125, 674.574645996094, -1209.88305664063
238.3388671875, 675.104064941406, -1211.35192871094
235.953369140625, 675.658935546875, -1212.03527832031
233.52392578125, 675.881042480469, -1212.25561523438
231.035888671875, 676.15380859375, -1212.39013671875
228.6318359375, 676.080383300781, -1212.44445800781
226.027099609375, 676.0986328125, -1212.47717285156
223.603759765625, 676.125610351563, -1212.48876953125
221.043701171875, 676.147888183594, -1212.54760742188
218.62060546875, 676.149780273438, -1212.88879394531
216.40576171875, 676.179565429688, -1214.12316894531
214.653564453125, 676.466247558594, -1215.7451171875
212.733642578125, 676.358947753906, -1217.51293945313
211, 676.432434082031, -1219.17895507813
209.09228515625, 676.584167480469, -1221.00146484375
207.341796875, 676.535522460938, -1222.68908691406
205.489501953125, 676.536437988281, -1224.51867675781
203.853759765625, 676.6455078125, -1226.15222167969
202.0458984375, 676.770812988281, -1227.95764160156
200.283203125, 676.847106933594, -1229.71911621094
198.530517578125, 676.70556640625, -1231.47106933594
196.794921875, 676.428527832031, -1233.20642089844
194.93359375, 676.069702148438, -1235.06689453125
193.21484375, 675.834045410156, -1236.78503417969
191.454833984375, 675.436706542969, -1238.544921875
189.66943359375, 675.077697753906, -1240.33032226563
187.916748046875, 674.680297851563, -1242.08288574219
186.157470703125, 674.279602050781, -1243.84204101563
184.330322265625, 674.157592773438, -1245.66931152344
182.64501953125, 674.0263671875, -1247.35461425781
180.8408203125, 673.671203613281, -1249.15893554688
179.105224609375, 673.538269042969, -1250.89465332031
177.201171875, 673.66455078125, -1252.79846191406
175.612060546875, 673.85546875, -1254.3876953125
173.711669921875, 674.023681640625, -1256.28833007813
171.961669921875, 674.201354980469, -1258.03784179688
170.19921875, 674.376525878906, -1259.80053710938
168.4677734375, 674.296875, -1261.53173828125
166.661376953125, 674.169311523438, -1263.33837890625
164.916259765625, 673.927429199219, -1265.08361816406
163.169921875, 674.023254394531, -1266.83020019531
161.434326171875, 674.26806640625, -1268.56530761719
159.602294921875, 674.627136230469, -1270.39758300781
157.862060546875, 675.500183105469, -1272.13793945313
156.01416015625, 676.498901367188, -1273.98559570313
154.314453125, 676.966186523438, -1275.68518066406
152.570068359375, 677.264282226563, -1277.42956542969
150.849853515625, 677.662231445313, -1279.14978027344
148.99267578125, 678.080688476563, -1281.00695800781
147.281982421875, 678.530639648438, -1282.71789550781
145.4072265625, 679.169677734375, -1284.5927734375
143.78369140625, 679.702087402344, -1286.2158203125
141.964599609375, 680.535888671875, -1288.03527832031
140.147705078125, 681.358337402344, -1289.80041503906
138.093017578125, 682.132690429688, -1291.36364746094
135.822998046875, 682.319885253906, -1291.90124511719
133.341796875, 682.377685546875, -1292.19995117188
130.778076171875, 682.441467285156, -1292.34411621094
128.21728515625, 682.391540527344, -1292.43298339844
125.922607421875, 682.366333007813, -1292.50427246094
123.277587890625, 682.5751953125, -1292.94055175781
121.339111328125, 683.265441894531, -1294.32360839844
119.388671875, 684.193786621094, -1295.92236328125
117.1396484375, 684.7021484375, -1296.62158203125
114.650634765625, 685.512756347656, -1296.97277832031
112.183349609375, 686.281799316406, -1297.20471191406
109.686767578125, 687.209533691406, -1297.49694824219
107.526611328125, 688.528625488281, -1298.609375
105.689697265625, 689.189819335938, -1300.21557617188
103.891845703125, 689.618957519531, -1301.96411132813
102.698974609375, 689.786376953125, -1304.17541503906
102.0693359375, 689.8681640625, -1306.40185546875
100.95654296875, 689.954833984375, -1308.748046875
99.343505859375, 689.977355957031, -1310.64477539063
97.544189453125, 689.519653320313, -1312.44116210938
95.79150390625, 689.151062011719, -1314.18054199219
93.91552734375, 688.792724609375, -1315.83752441406
91.772216796875, 688.695068359375, -1316.84887695313
89.1455078125, 688.953857421875, -1317.16577148438
86.728515625, 689.407897949219, -1317.35375976563
84.283447265625, 689.774963378906, -1317.42395019531
81.8349609375, 690.324645996094, -1317.48840332031
79.15869140625, 690.825378417969, -1317.69360351563
76.98974609375, 690.761657714844, -1318.63928222656
75.126220703125, 690.091430664063, -1320.26159667969
73.0205078125, 689.375610351563, -1321.47082519531
70.484375, 688.579895019531, -1321.86804199219
68.193359375, 688.9873046875, -1322.14880371094
65.609619140625, 690.048645019531, -1322.22387695313
63.28076171875, 691.291259765625, -1321.82507324219
61.2275390625, 692.129516601563, -1320.22302246094
59.33056640625, 692.744689941406, -1318.69714355469
57.40283203125, 693.297424316406, -1317.18518066406
55.610107421875, 693.821960449219, -1315.57800292969
53.719970703125, 694.002624511719, -1313.70471191406
51.96728515625, 694.510070800781, -1311.95837402344
50.146728515625, 694.892333984375, -1310.14074707031
48.524169921875, 695.375366210938, -1308.52062988281
46.6826171875, 695.830078125, -1306.68054199219
44.927490234375, 696.314025878906, -1304.92602539063
43.0689697265625, 696.975402832031, -1303.06860351563
41.462646484375, 697.321655273438, -1301.46398925781
39.534423828125, 698.490539550781, -1299.64624023438
37.4810791015625, 699.373718261719, -1298.30688476563
35.09375, 699.374267578125, -1297.78442382813
32.812255859375, 699.320068359375, -1297.02014160156
30.78955078125, 699.49951171875, -1295.36999511719
28.806884765625, 699.625915527344, -1293.87829589844
26.371337890625, 699.373962402344, -1293.26538085938
24.15380859375, 699.310729980469, -1292.68103027344
22.107666015625, 699.542724609375, -1291.17919921875
20.1932373046875, 700.116882324219, -1289.62133789063
17.9093017578125, 700.690124511719, -1288.29565429688
15.5831298828125, 701.0537109375, -1287.64501953125
13.1259765625, 701.154296875, -1287.52026367188
10.712890625, 701.113403320313, -1287.50903320313
8.0625, 701.072875976563, -1287.50305175781
5.6461181640625, 701.1142578125, -1287.50073242188
3.180419921875, 701.154357910156, -1287.50048828125
0.7371826171875, 701.294799804688, -1287.50048828125
-1.8421630859375, 701.703857421875, -1287.50048828125
-4.3272705078125, 702.01318359375, -1287.50048828125
-6.89990234375, 702.423278808594, -1287.50048828125
-9.351806640625, 702.67822265625, -1287.50048828125
-11.8306884765625, 702.862670898438, -1287.50048828125
-14.2779541015625, 703.125732421875, -1287.50048828125
-16.9525146484375, 703.130065917969, -1287.50048828125
-19.27783203125, 703.175354003906, -1287.50048828125
-21.8973388671875, 703.438354492188, -1287.50048828125
-24.3582763671875, 703.531188964844, -1287.50048828125
-26.9637451171875, 703.540344238281, -1287.50048828125
-29.2469482421875, 703.27490234375, -1287.50048828125
-31.8111572265625, 702.938110351563, -1287.50048828125
-34.26171875, 702.515747070313, -1287.50048828125
-36.912353515625, 702.225830078125, -1287.50048828125
-39.344482421875, 701.934387207031, -1287.50048828125
-41.8692626953125, 701.646057128906, -1287.50048828125
-44.3319091796875, 701.646179199219, -1287.50048828125
-46.8758544921875, 701.837951660156, -1287.50048828125
-49.3612060546875, 701.891784667969, -1287.50048828125
-51.8643798828125, 701.62109375, -1287.50048828125
-54.366455078125, 701.756042480469, -1287.50048828125
-56.8846435546875, 702.4140625, -1287.50048828125
-59.39599609375, 702.939208984375, -1287.50048828125
-61.8604736328125, 703.485412597656, -1287.50048828125
-64.335205078125, 703.463073730469, -1287.50048828125
-66.874267578125, 703.558715820313, -1287.50048828125
-69.4005126953125, 704.412841796875, -1287.50048828125
-71.8834228515625, 705.074401855469, -1287.50048828125
-74.38818359375, 705.430297851563, -1287.50048828125
-76.8846435546875, 705.7548828125, -1287.50048828125
-79.3216552734375, 706.052307128906, -1287.50048828125
-81.842529296875, 706.493591308594, -1287.50048828125
-84.3074951171875, 706.674560546875, -1287.50048828125
-86.963623046875, 707.526611328125, -1287.50048828125
-89.39501953125, 708.004272460938, -1287.50048828125
-91.88623046875, 708.1845703125, -1287.50048828125
-94.3779296875, 708.086669921875, -1287.50048828125
-96.989013671875, 707.642211914063, -1287.50048828125
-99.3460693359375, 707.000854492188, -1287.50048828125
-101.94677734375, 705.902770996094, -1287.49621582031
-104.249877929688, 704.969787597656, -1287.40246582031
-106.516845703125, 703.477111816406, -1286.45153808594
-107.497314453125, 702.501770019531, -1284.36999511719
-109.391235351563, 701.210632324219, -1282.74499511719
-111.444580078125, 699.500366210938, -1281.7158203125
-112.765014648438, 698.187072753906, -1279.51684570313
-114.33935546875, 696.734558105469, -1277.82348632813
-116.570922851563, 695.683044433594, -1276.86877441406
-118.511352539063, 694.624328613281, -1275.40856933594
-120.671752929688, 693.914916992188, -1273.93566894531
-122.929443359375, 693.721374511719, -1272.978515625
-125.467651367188, 693.862243652344, -1272.55419921875
-127.747680664063, 694.218627929688, -1272.50854492188
-130.390625, 694.633422851563, -1272.50354003906
-132.8046875, 694.920043945313, -1272.50122070313
-135.322387695313, 695.37451171875, -1272.50024414063
-137.753662109375, 696.048400878906, -1272.50024414063
-140.391723632813, 696.707458496094, -1272.50024414063
-142.821533203125, 696.904357910156, -1272.50024414063
-145.459594726563, 696.896484375, -1272.50024414063
-147.745361328125, 696.930297851563, -1272.50024414063
-150.32275390625, 696.636596679688, -1272.50024414063
-152.762451171875, 696.74365234375, -1272.50024414063
-155.375244140625, 697.178955078125, -1272.50024414063
-157.838623046875, 697.204772949219, -1272.50024414063
-160.341430664063, 697.328308105469, -1272.50024414063
-162.763061523438, 697.398986816406, -1272.50024414063
-165.437133789063, 697.371704101563, -1272.50024414063
-167.860473632813, 697.229248046875, -1272.50024414063
-170.338989257813, 696.871276855469, -1272.50024414063
-172.760986328125, 696.610473632813, -1272.50024414063
-175.428955078125, 696.333251953125, -1272.50024414063
-177.760498046875, 696.367431640625, -1272.50024414063
-180.382934570313, 696.547241210938, -1272.50024414063
-182.8544921875, 696.640563964844, -1272.50024414063
-185.43701171875, 696.532409667969, -1272.50024414063
-187.907592773438, 696.32275390625, -1272.50024414063
-190.371215820313, 696.108581542969, -1272.50024414063
-192.784545898438, 695.851318359375, -1272.50024414063
-195.386962890625, 695.406005859375, -1272.50024414063
-197.803955078125, 695.108459472656, -1272.50024414063
-200.390014648438, 694.996948242188, -1272.50024414063
-202.837524414063, 694.463500976563, -1272.50024414063
-205.407958984375, 694.36669921875, -1272.50024414063
-207.882446289063, 695.143798828125, -1272.51403808594
-210.303588867188, 696.091064453125, -1272.68005371094
-212.483276367188, 696.325439453125, -1273.62231445313
-214.497314453125, 696.301208496094, -1275.29235839844
-216.572509765625, 696.570922851563, -1276.52624511719
-218.913696289063, 697.05029296875, -1277.26806640625
-221.482666015625, 697.502136230469, -1277.48327636719
-223.9208984375, 698.178588867188, -1277.45935058594
-226.2900390625, 698.501098632813, -1277.12438964844
-228.67138671875, 699.104125976563, -1276.03332519531
-230.406494140625, 699.531311035156, -1274.45483398438
-231.813110351563, 700.262817382813, -1272.26794433594
-232.58203125, 701.293823242188, -1269.912109375
-234.02587890625, 701.958557128906, -1268.01245117188
-236.34912109375, 702.473571777344, -1267.08227539063
-238.593505859375, 702.974548339844, -1266.04748535156
-240.417724609375, 703.145568847656, -1264.44897460938
-241.777099609375, 703.398315429688, -1262.37231445313
-242.501953125, 703.59521484375, -1260.05151367188
-243.202880859375, 703.54638671875, -1257.61804199219
-244.528930664063, 703.649719238281, -1255.54235839844
-246.10498046875, 703.822448730469, -1253.59448242188
-247.090698242188, 703.815124511719, -1251.37707519531
-247.317138671875, 704.181274414063, -1248.8740234375
-247.425048828125, 704.253295898438, -1246.40869140625
-247.467529296875, 704.677856445313, -1243.763671875
-247.48779296875, 705.034606933594, -1241.44934082031
-247.494873046875, 705.495483398438, -1238.82348632813
-247.498046875, 705.729125976563, -1236.44506835938
-247.4990234375, 705.686950683594, -1233.78747558594
-247.499267578125, 705.786804199219, -1231.47253417969
-247.499267578125, 705.772521972656, -1228.86059570313
-247.49951171875, 705.707336425781, -1226.38171386719
-247.49951171875, 705.672424316406, -1223.87329101563
-247.49951171875, 705.676635742188, -1221.44677734375
-247.50048828125, 705.517395019531, -1218.87585449219
-247.535278320313, 705.471435546875, -1216.458984375
-247.826538085938, 705.419616699219, -1213.82958984375
-248.779907226563, 705.591613769531, -1211.56518554688
-250.348754882813, 705.761901855469, -1209.75231933594
-252.076416015625, 705.85009765625, -1207.99682617188
-253.89013671875, 705.621704101563, -1206.15344238281
-255.6328125, 705.485473632813, -1204.39306640625
-257.487060546875, 705.382019042969, -1202.52978515625
-259.187744140625, 705.263244628906, -1200.83898925781
-261.034545898438, 705.0712890625, -1199.20751953125
-263.163452148438, 705.181762695313, -1198.02294921875
-265.749633789063, 705.880126953125, -1197.61987304688
-268.15087890625, 706.89501953125, -1197.53723144531
-270.755493164063, 707.893371582031, -1197.29919433594
-272.951293945313, 708.954833984375, -1196.521484375
-275.008178710938, 710.062805175781, -1194.93139648438
-276.853515625, 710.896362304688, -1193.54064941406
-279.301025390625, 711.127136230469, -1192.83239746094
-281.69873046875, 710.825744628906, -1192.67456054688
-284.410400390625, 711.515197753906, -1192.45520019531
-286.454467773438, 712.483215332031, -1191.615234375
-287.386840820313, 713.542907714844, -1189.34313964844
-287.458984375, 714.468383789063, -1186.95446777344
-287.484985351563, 714.909057617188, -1184.451171875
-287.495483398438, 715.059936523438, -1181.99169921875
-287.49951171875, 715.09375, -1179.33166503906
-287.49951171875, 715.483581542969, -1176.87939453125
-287.49951171875, 716.049194335938, -1174.4208984375
-287.484008789063, 716.670166015625, -1171.92248535156
-287.28369140625, 717.184997558594, -1169.48376464844
-286.548095703125, 717.453002929688, -1167.17993164063
-285.036376953125, 717.518981933594, -1165.08422851563
-283.281860351563, 717.72900390625, -1163.31079101563
-281.515014648438, 717.740112304688, -1161.53564453125
-279.80810546875, 717.266723632813, -1159.8203125
-277.951904296875, 716.227478027344, -1157.95788574219
-276.359619140625, 715.481628417969, -1156.36413574219
-274.4921875, 714.888427734375, -1154.49475097656
-272.741455078125, 714.250244140625, -1152.74267578125
-270.864135742188, 714.006469726563, -1150.8486328125
-269.223876953125, 714.199645996094, -1149.03259277344
-268.054931640625, 714.974792480469, -1146.93640136719
-267.754150390625, 716.133850097656, -1144.48449707031
-267.598754882813, 717.21240234375, -1141.9111328125
-267.546020507813, 718.519653320313, -1139.44506835938
-267.517456054688, 719.208129882813, -1137.01123046875
-267.507690429688, 719.877319335938, -1134.43115234375
-267.5029296875, 720.602478027344, -1131.93615722656
-267.50146484375, 721.159301757813, -1129.50671386719
-267.484619140625, 721.56298828125, -1126.87414550781
-267.30859375, 721.521240234375, -1124.64807128906
-266.494262695313, 721.408447265625, -1122.14343261719
-264.96533203125, 721.884826660156, -1120.24267578125
-263.49169921875, 721.998413085938, -1118.095703125
-263.037231445313, 722.351013183594, -1115.81921386719
-262.750244140625, 722.984802246094, -1113.24548339844
-262.588256835938, 723.590942382813, -1110.8837890625
-262.087280273438, 724.378601074219, -1108.2822265625
-260.786743164063, 724.733642578125, -1106.42529296875
-259.0966796875, 725.017639160156, -1104.31567382813
-258.433471679688, 725.18359375, -1102.15014648438
-257.821899414063, 725.391906738281, -1099.53674316406
-256.5654296875, 725.132141113281, -1097.66040039063
-254.850952148438, 725.246337890625, -1095.6220703125
-253.42529296875, 725.092651367188, -1093.82189941406
-251.674682617188, 725.045104980469, -1091.76135253906
-250.074096679688, 724.861389160156, -1090.09912109375
-248.19091796875, 724.645568847656, -1088.20812988281
-246.549926757813, 724.736389160156, -1086.56018066406
-244.680786132813, 724.648559570313, -1084.68713378906
-242.90625, 724.401550292969, -1082.91015625
-241.180053710938, 723.941528320313, -1081.17810058594
-239.480712890625, 723.438354492188, -1079.32067871094
-238.20263671875, 723.1826171875, -1077.26745605469
-237.662963867188, 723.384521484375, -1074.91955566406
-237.544799804688, 723.750671386719, -1072.27160644531
-237.369262695313, 724.318298339844, -1069.87036132813
-236.659423828125, 724.707824707031, -1067.34838867188
-235.268310546875, 725.119384765625, -1065.35327148438
-233.7236328125, 725.343566894531, -1063.40222167969
-232.893188476563, 725.560852050781, -1061.14465332031
-232.69287109375, 725.815673828125, -1058.57885742188
-232.580688476563, 726.380493164063, -1056.1220703125
-232.538696289063, 726.644592285156, -1053.68774414063
-232.514282226563, 726.977661132813, -1051.23742675781
-232.506469726563, 727.238891601563, -1048.576171875
-232.458984375, 727.587219238281, -1046.17272949219
-232.122802734375, 727.703430175781, -1043.73474121094
-231.084716796875, 727.892578125, -1041.54040527344
-229.391723632813, 728.064331054688, -1039.53271484375
-228.276123046875, 728.68505859375, -1037.43090820313
-227.936157226563, 729.771301269531, -1034.998046875
-227.699096679688, 730.229858398438, -1032.50866699219
-227.60546875, 730.146789550781, -1029.95837402344
-227.544677734375, 730.748718261719, -1027.48657226563
-227.5234375, 731.753356933594, -1024.89147949219
-227.510620117188, 732.622375488281, -1022.55651855469
-227.505493164063, 733.362182617188, -1019.86163330078
-227.502563476563, 734.252990722656, -1017.45227050781
-227.501220703125, 734.862121582031, -1014.99615478516
-227.5009765625, 735.473022460938, -1012.55493164063
-227.500732421875, 736.202880859375, -1009.87854003906
-227.500732421875, 736.712463378906, -1007.59344482422
-227.500732421875, 737.132446289063, -1004.92651367188
-227.500732421875, 737.660827636719, -1002.65045166016
-227.500732421875, 738.361572265625, -999.929931640625
-227.500732421875, 739.072204589844, -997.591918945313
-227.500732421875, 739.803649902344, -994.974670410156
-227.500732421875, 740.581604003906, -992.494750976563
-227.500732421875, 741.262817382813, -989.899719238281
-227.500610351563, 742.014587402344, -987.555419921875
-227.500610351563, 742.818664550781, -984.930358886719
-227.50048828125, 743.2509765625, -982.545104980469
-227.50048828125, 743.692077636719, -979.922119140625
-227.50048828125, 744.565979003906, -977.479614257813
-227.50048828125, 745.301879882813, -975.001953125
-227.50048828125, 746.226501464844, -972.5888671875
-227.50048828125, 746.857177734375, -969.941650390625
-227.50048828125, 747.493774414063, -967.458374023438
-227.50048828125, 748.307067871094, -965.003173828125
-227.50048828125, 748.95849609375, -962.543090820313
-227.50048828125, 749.707275390625, -959.97265625
-227.50048828125, 750.364318847656, -957.52392578125
-227.50048828125, 751.350708007813, -954.865112304688
-227.50048828125, 751.992919921875, -952.455322265625
-227.50048828125, 752.638427734375, -950
-227.50048828125, 752.867004394531, -947.5966796875
-227.50048828125, 753.467163085938, -944.877685546875
-227.50048828125, 753.657287597656, -942.439575195313
-227.50048828125, 753.622680664063, -939.984619140625
-227.50048828125, 753.900085449219, -937.536987304688
-227.50048828125, 754.200073242188, -934.988403320313
-227.50048828125, 754.663024902344, -932.502685546875
-227.50048828125, 755.103210449219, -929.865478515625
-227.50048828125, 755.899719238281, -927.502319335938
-227.50048828125, 756.367126464844, -925.051513671875
-227.50048828125, 756.448120117188, -922.51611328125
-227.50048828125, 756.741821289063, -919.983642578125
-227.50048828125, 757.066101074219, -917.498291015625
-227.50048828125, 757.788940429688, -914.989135742188
-227.50048828125, 758.567016601563, -912.4892578125
-227.50048828125, 758.966430664063, -909.953491210938
-227.50048828125, 758.975708007813, -907.4912109375
-227.50048828125, 758.914672851563, -904.986938476563
-227.50048828125, 758.964233398438, -902.5439453125
-227.50048828125, 759.125915527344, -900.028564453125
-227.50048828125, 759.707458496094, -897.5
-227.50048828125, 760.254516601563, -894.88427734375
-227.50048828125, 760.610717773438, -892.53515625
-227.50048828125, 760.578063964844, -889.894897460938
-227.492919921875, 761.16064453125, -887.593017578125
-227.352905273438, 761.444702148438, -884.942138671875
-226.772827148438, 761.233154296875, -882.6298828125
-225.355224609375, 760.708435058594, -880.401733398438
-223.917846679688, 760.051635742188, -878.66064453125
-222.853271484375, 759.481079101563, -876.259765625
-222.659790039063, 759.456726074219, -873.8349609375
-222.59814453125, 759.139038085938, -871.350341796875
-222.857177734375, 759.001831054688, -868.908325195313
-223.80517578125, 759.333374023438, -866.621459960938
-225.382080078125, 759.898681640625, -864.739990234375
-226.756103515625, 760.584106445313, -862.509765625
-227.11181640625, 761.24951171875, -860.2646484375
-227.329833984375, 761.699035644531, -857.680419921875
-227.41552734375, 761.11279296875, -855.209716796875
-227.46630859375, 760.72705078125, -852.615112304688
-227.48388671875, 761.0546875, -850.144287109375
-227.493041992188, 761.970886230469, -847.677978515625
-227.49658203125, 762.63134765625, -845.25830078125
-227.504150390625, 763.352478027344, -842.67578125
-227.599365234375, 763.497192382813, -840.276000976563
-228.18505859375, 764.351318359375, -837.714721679688
-229.676147460938, 765.339538574219, -835.762939453125
-231.171020507813, 766.053771972656, -833.843017578125
-231.7900390625, 766.651000976563, -831.501708984375
-232.1259765625, 767.13330078125, -828.90380859375
-232.309692382813, 767.556335449219, -826.60107421875
-232.681884765625, 767.929443359375, -824.01806640625
-233.973876953125, 768.618469238281, -821.938232421875
-235.57275390625, 769.6962890625, -820.0712890625
-237.199462890625, 770.519470214844, -818.236083984375
-239.006103515625, 771.101867675781, -816.304443359375
-240.558715820313, 771.365661621094, -814.626342773438
-242.408325195313, 771.854736328125, -812.654541015625
-244.0810546875, 772.527770996094, -810.928588867188
-245.73486328125, 773.094909667969, -809.062255859375
-246.682983398438, 773.141357421875, -806.811279296875
-247.038452148438, 773.207153320313, -804.397827148438
-247.279052734375, 773.123168945313, -801.96533203125
-247.384033203125, 773.335510253906, -799.357299804688
-247.469970703125, 773.647277832031, -796.877319335938
-247.818359375, 773.956359863281, -794.457763671875
-249.391357421875, 774.5888671875, -792.80615234375
-251.815307617188, 775.61572265625, -792.54443359375
-254.209350585938, 776.444580078125, -792.555419921875
-256.859375, 778.013977050781, -792.51953125
-259.157958984375, 778.789978027344, -792.504638671875
-261.789916992188, 779.750915527344, -792.501831054688
-264.189086914063, 780.823364257813, -792.50146484375
-266.843017578125, 781.736450195313, -792.501098632813
-269.151733398438, 782.509826660156, -792.551513671875
-271.69775390625, 783.158752441406, -792.971801757813
-273.847045898438, 784.161499023438, -794.133056640625
-275.719848632813, 785.299926757813, -795.892333984375
-277.388793945313, 786.040466308594, -797.491943359375
-279.308227539063, 786.844909667969, -799.358520507813
-281.018798828125, 787.467163085938, -800.761962890625
-283.619384765625, 787.623901367188, -801.443359375
-286.030029296875, 788.167724609375, -801.896484375
-288.519287109375, 789.147155761719, -802.089111328125
-290.922119140625, 789.631103515625, -801.983154296875
-293.030029296875, 790.017272949219, -800.627075195313
-294.81640625, 789.761291503906, -799.152587890625
-295.794677734375, 789.293395996094, -796.778564453125
-296.743286132813, 790.334228515625, -794.6875
-298.05615234375, 791.051879882813, -793.661254882813
-298.806884765625, 791.224060058594, -794.1005859375
-300.132934570313, 791.829772949219, -793.76318359375
-301.503784179688, 792.713256835938, -792.126708984375
-302.0107421875, 793.515930175781, -789.749267578125
-302.31396484375, 794.250305175781, -787.218994140625
-302.5654296875, 795.180725097656, -784.694580078125
-303.30517578125, 796.126953125, -782.3662109375
-304.920654296875, 797.045654296875, -780.436279296875
-306.593994140625, 797.821228027344, -778.636108398438
-308.32373046875, 798.072570800781, -776.83740234375
-310.033203125, 798.688232421875, -775.138061523438
-312.008422851563, 799.525268554688, -773.5625
-314.295776367188, 800.160766601563, -772.695922851563
-316.930908203125, 800.764831542969, -772.523193359375
-319.269653320313, 801.428405761719, -772.442504882813
-321.87451171875, 802.022888183594, -771.970703125
-323.914794921875, 802.657653808594, -770.885009765625
-325.716796875, 803.458618164063, -769.067138671875
-326.926025390625, 803.862243652344, -766.94580078125
-327.33349609375, 804.179992675781, -764.3623046875
-327.4248046875, 804.457946777344, -762.07373046875
-327.47412109375, 804.482421875, -759.414306640625
-327.515380859375, 804.719116210938, -756.987060546875
-327.845458984375, 805.043029785156, -754.5634765625
-329.373168945313, 805.906677246094, -752.833740234375
-331.861694335938, 807.171630859375, -751.96923828125
-333.846435546875, 807.858032226563, -750.948486328125
-335.894287109375, 808.67529296875, -749.304443359375
-337.95068359375, 809.466735839844, -748.075927734375
-340.439575195313, 810.359619140625, -747.605590820313
-342.90869140625, 811.647521972656, -747.533447265625
-345.489990234375, 812.851745605469, -747.183349609375
-347.125366210938, 814.059143066406, -745.65087890625
-347.527587890625, 814.785949707031, -743.1337890625
-347.508666992188, 815.181945800781, -740.842529296875
-347.497802734375, 815.536560058594, -738.20947265625
-347.499267578125, 815.75830078125, -735.802490234375
-347.496704101563, 815.615051269531, -733.162109375
-347.43798828125, 815.466491699219, -730.805419921875
-346.686889648438, 815.237548828125, -728.406616210938
-345.182373046875, 814.7333984375, -726.448974609375
-343.86572265625, 814.273010253906, -724.38037109375
-342.925537109375, 814.072265625, -722.1103515625
-342.5439453125, 814.884216308594, -719.470703125
-342.501342773438, 814.928588867188, -717.20263671875
-342.300537109375, 815.26611328125, -714.57373046875
-341.592651367188, 815.327880859375, -712.271850585938
-340.122314453125, 815.77099609375, -710.12451171875
-338.655029296875, 816.075988769531, -708.199462890625
-337.732666015625, 815.742614746094, -705.951416015625
-336.811279296875, 814.863708496094, -703.708984375
-334.69482421875, 815.538452148438, -702.3359375
-332.9833984375, 816.280456542969, -700.84326171875
-332.454956054688, 817.083190917969, -698.340576171875
-332.564331054688, 817.806884765625, -696.03271484375
-333.407104492188, 818.712280273438, -693.695556640625
-335.3779296875, 819.152587890625, -692.734375
-337.76806640625, 819.564697265625, -691.740356445313
-339.517333984375, 820.359375, -690.144287109375
-341.41162109375, 821.304626464844, -688.371215820313
-343.126831054688, 821.922180175781, -686.716186523438
-345.043334960938, 822.844909667969, -684.924926757813
-346.887451171875, 823.809265136719, -683.561889648438
-349.326904296875, 824.423828125, -682.7021484375
-351.691284179688, 824.952209472656, -682.552734375
-354.278076171875, 825.397155761719, -682.449951171875
-356.571533203125, 826.113159179688, -682.098022460938
-358.974365234375, 826.941711425781, -680.853393554688
-360.628173828125, 827.650085449219, -679.185302734375
-361.96337890625, 828.784301757813, -676.970947265625
-362.27880859375, 829.703674316406, -674.640991210938
-362.418579101563, 830.471069335938, -672.106567382813
-362.783935546875, 831.009704589844, -669.701171875
-364.36767578125, 831.947387695313, -667.920288085938
-366.734375, 833.11181640625, -667.5185546875
-369.390502929688, 833.939025878906, -667.619384765625
-371.522583007813, 834.294067382813, -668.404174804688
-372.85888671875, 833.658264160156, -670.46875
-374.619995117188, 834.343078613281, -671.958984375
-376.62255859375, 835.04052734375, -673.243530273438
-377.679443359375, 835.217712402344, -675.41796875
-379.454711914063, 835.235168457031, -677.138427734375
-381.819213867188, 834.738403320313, -677.50634765625
-384.2451171875, 834.408020019531, -677.421875
-386.456176757813, 834.963928222656, -676.599487304688
-387.838623046875, 836.466186523438, -674.4033203125
-389.455322265625, 838.034301757813, -672.90087890625
-391.7705078125, 839.705871582031, -672.64404296875
-394.316040039063, 841.096313476563, -672.65673828125
-396.5498046875, 842.260192871094, -673.400024414063
-397.812255859375, 842.984436035156, -675.48193359375
-399.426025390625, 843.750366210938, -677.245727539063
-401.191650390625, 844.413757324219, -678.703247070313
-401.936279296875, 844.731201171875, -681.126708984375
-402.689819335938, 845.078430175781, -683.375
-403.552734375, 845.922912597656, -685.84375
-404.319213867188, 846.604064941406, -688.042724609375
-405, 846.801391601563, -690.000122070313
